13341311431342343341
13341311431342343341
1
44323343332224111333
44323343332224111333
1
41143122343434242144
41143122343434242144
1
41411342433432342412
41411342433432342412
1
14223343134323433133
24324134113431443314
0
11344311412232334311
11344311412232334311
1
34424221213343344332
34424221213343344332
1
42342231322343341331
42342231322343341331
1
33313314422341434424
41231442341443231242
0
14343443423344134421
14343443423344134421
1
42341421413324243424
42341421413324243424
1
24444434111343222421
43412231121344414111
0
13133443324412343341
34223223443234133144
0
34113144343134334144
34113144343134334144
1
34124424433413141224
23434343233233144433
0
44431433133243343331
44431433133243343331
1
12324223433423344324
14114414343324443344
0
21411423443433223441
21411423443433223441
1
34241341343432344332
23123424342311343443
0
43434431143344342232
43434431143344342232
1
33434434323322434412
13414333412412414332
0
31231123343234234431
31231123343234234431
1
41214331431413343314
41214331431413343314
1
34123442223124122344
23213424113323443123
0
31432131144231424342
31134334434433434324
0
33213424312323243133
34244111242233431143
0
41143342341131412143
22433142343231123433
0
34341431443312331434
32341433132231333443
0
41443134314343113444
41443134314343113444
1
41343442313412312344
41343442313412312344
1
24343413341443323414
44421411223313424214
0
43434342341223414134
43434342341223414134
1
24432124241224343112
34234344134433141242
0
